node 1 1 1 3
node 2 1 1 1
node 3 6 1 1
node 4 2 1 1
node 5 3 1 1
node 6 2 1 1
node 7 1 1 1
node 8 2 1 1
node 9 3 1 1
node 13 2 0 2
node 19 2 0 0
node 33 2 0 0
node 60 1 0 0
node 65 2 0 0
gene 3 1 13 0.010818541590347397 0 1.0 0.010818541590347397 1
gene 2 2 13 1.7989584178676492 0 2.0 1.7989584178676492 0
gene 3 3 13 -0.27490334814819495 0 3.0 -0.27490334814819495 1
gene 2 4 13 0.5825344443281133 0 1.0 0.5825344443281133 0
gene 1 5 13 -0.2660072866644904 0 2.0 -0.2660072866644904 1
gene 3 6 13 -5.130228583802634 0 3.0 -5.130228583802634 1
gene 3 7 13 2.2011611814049403 0 1.0 2.2011611814049403 1
gene 1 8 13 2.0043225955353448 0 2.0 2.0043225955353448 1
gene 3 9 13 2.062152344710336 0 3.0 2.062152344710336 1
gene 2 4 19 -0.9545223177673527 0 14.0 -0.9545223177673527 1
gene 2 19 13 0.4276937558254309 0 15.0 0.4276937558254309 1
gene 2 9 19 0.23710094177667254 0 24.0 0.23710094177667254 1
gene 1 5 33 -2.9248016754531756 0 56.0 -2.9248016754531756 1
gene 2 33 13 0.6585141220716934 0 57.0 0.6585141220716934 1
gene 3 1 19 0.13455651256123172 0 95.0 0.13455651256123172 1
gene 2 4 60 1.25317240673601 0 134.0 1.25317240673601 1
gene 1 60 13 -0.5736523386046739 0 135.0 -0.5736523386046739 1
gene 3 2 65 -1.648604179803141 0 158.0 -1.648604179803141 1
gene 3 65 13 0.415524937195853 0 159.0 0.415524937195853 1
gene 2 3 65 0.34024434247505586 0 168.0 0.34024434247505586 1
gene 3 4 65 -0.35572144197754824 0 183.0 -0.35572144197754824 1